1,12,20,11,20
2,12,20,11,20
3,11,20,10,20
4,13,22,12,22
5,14,23,17,23
6,14,22,9,22
7,15,23,16,23
8,10,21,9,21
9,12,19,11,19
10,13,19,11,19
11,12,18,14,18
12,0,0,0,0
13,11,10,15,10
14,12,20,12,20
15,2,24,24,24
16,4,26,17,26
17,4,26,18,26
18,5,26,17,26
19,15,19,16,19
20,10,12,21,12
21,11,5,25,5
22,7,22,18,22
23,0,0,0,0
24,8,27,24,27
25,6,16,30,16
26,0,40,42,40
27,7,18,25,18
28,9,18,40,18
29,5,17,19,17
30,5,35,35,35
31,14,19,24,19
32,6,20,32,20
33,14,20,16,20
34,5,26,26,26
35,5,24,22,24
36,16,30,11,30
37,13,36,12,36
38,6,30,17,30
39,6,25,45,25
40,5,20,44,20
41,11,22,15,22
42,10,19,15,19
43,12,28,24,28
44,13,28,15,28
45,20,23,24,23
46,16,27,17,27
47,0,0,0,0
48,14,6,25,6
49,17,11,22,11
50,16,26,12,26
51,14,25,15,25
52,12,28,13,28
53,15,32,13,32
54,13,26,10,26
55,11,30,14,30
56,14,20,12,20
57,15,16,13,16
58,15,18,22,18
59,20,20,18,20
60,11,19,26,19
61,10,16,17,16
62,11,19,20,19
63,27,31,12,31
64,15,16,39,16
65,3,23,14,23
66,8,28,13,28
67,16,31,15,31
68,5,31,42,31
69,16,18,15,18
70,16,12,14,12
71,0,0,0,0
72,0,0,0,0
73,0,0,0,0
74,17,10,15,10
75,18,12,21,12
76,14,35,26,35
77,6,31,36,31
78,0,0,0,0
79,14,19,14,19
80,16,13,19,13
81,22,19,20,19
82,28,17,12,17
83,22,19,27,19
84,0,0,0,0
85,16,0,16,0
86,15,03,15,03
87,11,26,26,26
88,10,18,11,18
89,10,15,12,15
90,16,19,12,19
91,20,02,0,02
92,15,2,0,2
93,15,19,14,19
94,13,28,14,28
95,39,28,5,28
96,47,29,5,29
97,11,30,13,30
98,19,9,17,9
99,16,10,19,10
100,10,08,40,08
101,3,29,34,29
102,30,2,7,2
103,40,19,10,19
